성적 일람표
========================================================
학번	|국어	|영어	|수학	|음악	|총점	|평균	|
--------------------------------------------------------
00001		|77		|57		|62		|65		|338		|84.50		|
00002		|94		|71		|62		|65		|386		|96.50		|
00003		|92		|57		|60		|71		|372		|93.00		|
00004		|66		|91		|87		|55		|365		|91.25		|
00005		|97		|76		|92		|55		|417		|104.25		|
00006		|70		|86		|78		|97		|401		|100.25		|
00007		|71		|62		|54		|75		|333		|83.25		|
00008		|94		|71		|99		|68		|426		|106.50		|
00009		|55		|97		|82		|51		|340		|85.00		|
00010		|50		|100		|97		|67		|364		|91.00		|
00011		|70		|95		|69		|87		|391		|97.75		|
00012		|68		|86		|53		|91		|366		|91.50		|
00013		|70		|70		|54		|55		|319		|79.75		|
00014		|51		|55		|92		|56		|305		|76.25		|
00015		|53		|86		|54		|58		|304		|76.00		|
00016		|51		|84		|86		|79		|351		|87.75		|
00017		|79		|84		|100		|92		|434		|108.50		|
00018		|97		|77		|95		|66		|432		|108.00		|
00019		|65		|86		|86		|81		|383		|95.75		|
00020		|90		|84		|68		|55		|387		|96.75		|
--------------------------------------------------------
과목총점|1460	|1575	|1530	|1389	|5954	|
과목평균|365.00	|393.75	|382.50	|347.25	|	|74.43		|
========================================================
